test_iter: 250
test_interval: 1000
base_lr: 0.00999999977648
display: 100
max_iter: 30000
lr_policy: "step"
gamma: 0.10000000149
momentum: 0.899999976158
weight_decay: 0.000500000023749
stepsize: 10000
snapshot: 2000
snapshot_prefix: "alexnet_field"
solver_mode: GPU
net: "./train_val_field.prototxt"

